4.073183857323951  4.442302924312038  
0.9977711161554943  1.0515936329619908  
1.3641925109594926  1.7255091106084866  
3.883578701957356  4.3545855423849  
0.09779728702002899  -1.1279730784755815  
1.201956814289689  1.4309119220775033  
0.5407170796660763  0.04304184572322001  
1.7094746248783013  2.271833041772558  
1.7280156741586739  2.2956302634615096  
1.4988459919708452  1.9457235885824922  
-0.25857273044012175  -2.2912220153045415  
3.3460126857372607  4.023012213181929  
3.459392541286869  4.098723642488363  
-0.628792691438651  -3.7449416276066296  
-0.7289657207538935  -4.193710678539254  
0.4612763328725764  -0.14980189591295012  
0.302710399982149  -0.5553153179849089  
-0.6512489827656811  -3.8443977687444217  
-0.5148404812973517  -3.2593472374423094  
3.017092215493678  3.7699015580397486  
2.8176390322633003  3.5900393782820466  
3.5718373490398054  4.172743570344984  
1.5144178728069697  1.9723203022688054  
0.4999038820464978  -0.0492473373880955  
1.8851801627916185  2.527851031406213  
-0.08936570232748053  -1.7115316066348574  
3.808877449748163  4.311004948733105  
0.8668905550221941  0.7848759414502098  
3.7951786659612416  4.303613213231737  
3.874492633376498  4.344791253316043  
4.510207697186241  4.612872638244337  
3.1265154919941107  3.8625082685031966  
2.289482180215291  3.0412766582227384  
4.130316431528797  4.468582168814585  
2.5225787957303716  3.2959433457632166  
1.0941387284162367  1.2298870883266702  
0.015199115403001784  -1.383470348529011  
1.6378186957869234  2.1669349863780143  
1.3627018546012284  1.7169073011766125  
3.7139148642598023  4.263614055353502  
1.981630324415332  2.652752370495419  
4.972133286119142  4.734849172714906  
1.9793635638157392  2.65253861190089  
0.9777718214843798  1.010733209039298  
0.8725174824204363  0.7891100781795304  
2.2870491179841306  3.037260109208633  
-0.7273448607876398  -4.1882609667008435  
-0.5697398803145148  -3.482805930172974  
-0.06712903155852246  -1.650305193364523  
0.49636412364906146  -0.06623768022468823  
1.9261200055489311  2.5845503832241974  
3.5094533539481034  4.133221528387375  
-0.05589775070066416  -1.6084705808033029  
2.4763625863938676  3.2458787843239527  
-0.5874647041932413  -3.562073771772524  
0.9549830425974895  0.9548036015858008  
4.054770708253983  4.44219735603469  
0.9666708118182612  0.9875437770593534  
-0.7053962754561018  -4.086444308052341  
0.6506501794836641  0.295927297810211  
4.751689827625325  4.683716252779249  
0.4927730465818101  -0.07978849734907723  
4.055834297075103  4.433782911354836  
2.7032730979719304  3.48485290228035  
3.2971746001380673  3.98886846981606  
1.819532570506162  2.439243494028328  
3.947236336384936  4.389234364766017  
4.450123050256536  4.593271741371092  
-0.7609144287469736  -4.336994051113001  
2.1553237667045178  2.885021378858447  
3.221794941651705  3.9282812246410614  
3.4680897727391073  4.104936975683373  
-0.02275293174081572  -1.4974469747094266  
-0.16305999688808104  -1.96235926519173  
0.37364652333948634  -0.37987235142766806  
3.3377582515636455  4.021935708113851  
3.585448525789264  4.181751142585133  
1.3407287134013561  1.677043557399104  
1.7188442931004193  2.281960443111533