-1.120413363 1.787513175
0.138803205 3.359373582
0.524218883 5.871997134
-0.935187122 5.439467907
-0.900937248 0.55869517
-0.872199951 0.872853323
-1.757816069 -4.217766524
-0.902883985 -0.535439794
0.083575368 3.679547637
-0.059492256 4.13619805
-0.861047113 -0.554836672
-1.77634774 -0.541824354
1.237071876 1.488628746
-1.4286285 -1.98376616
-1.16829069 4.767132328
0.147323093 3.795239963
-2.499815394 4.626929582
-1.097471334 2.258737015
-1.738980149 2.19786849
-0.535896273 -1.765043878
-3.497608286 2.395987854
-0.685950783 -0.473803028
-3.413320261 -0.289990447
-2.437293555 1.540517989
-1.808480734 1.163822953
0.399456615 6.470154219
-2.04539162 4.980923744
-2.252918383 -1.067533619
-3.41252044 -1.334822958
-2.25832231 1.255478468
-0.251584936 2.008130418
-0.259633506 3.308405754
-2.645063572 0.677368616
-1.730247855 1.941775561
-1.603713972 3.27691242
-0.569163931 -0.647431527
-2.318341609 1.801199673
0.550352837 -1.013456116
-0.96603314 -0.098739362
-2.24601871 1.671818273
0.10046119 4.154996752
0.124738568 2.672867026
-2.335838765 3.325192423
-2.209219228 0.40711687
-1.056986026 2.244293872
-2.298359865 -0.005101938
-1.9690748 -1.37767459
0.11418795 2.434091861
1.188581498 3.375138571
1.485988723 0.934450018
-2.110454138 3.725025888
-0.96280581 -0.3589882
0.844244139 2.357730944
-1.830223257 4.408602281
-1.385898297 2.630184814
-0.310637417 0.249540124
-0.338821609 -0.549407866
-2.896774191 3.408382452
0.152731775 2.218877473
-0.352830413 1.263551011
-2.083200101 -2.448623553
-1.488150592 2.734969222
-1.998905964 -1.111750827
0.483190857 1.735463475
-0.060739242 3.632446181
-1.936192696 0.456920892
-0.04725134 -1.082087398
-2.812134988 -0.028850689
-0.410421653 2.629250608
-0.153143752 2.719165772
-3.159084177 -0.233210389
-0.285144163 -1.129891709
-1.044105711 1.705198816
-0.729681914 -3.773965791
-1.338100795 -0.224392324
-1.101247527 2.333991188
-0.643442157 2.959093594
-1.672627653 1.519523766
-1.378481081 1.917084941
-1.310587371 1.924220995
-1.475414187 -1.954990702
-1.523984997 0.421902845
-1.078695265 -1.806504412
-2.7806317 1.493448609
0.213913088 1.293929796
-1.931567558 6.096205511
-0.549712212 2.498942979
0.548846144 2.810735417
0.74664542 1.268350908
-0.734925426 1.965116645
-0.920506565 1.6802832
-1.320334188 0.488976414
-1.432208324 1.224084871
0.46452567 5.145466612
-1.233215021 1.144914692
-1.857786914 4.254076646
-1.010535608 2.357620591
-1.318396343 -1.030001051
-0.082238805 3.560782221
-1.207606472 1.190242763
-0.997657855 -2.164692309
-1.627964582 2.409293251
-1.671876709 3.502454791
-3.098463126 -4.833399892
-2.442938067 -1.083515719
0.81576103 3.043049231
-0.136271227 3.913776167
-0.000636369 6.841047583
0.365495876 -0.828174796
-0.752917685 -0.46709515