0.536982985 -2.050155814
0.751175242 -3.074284309
2.758530118 -2.683345672
1.699605938 -1.317079252
1.45720491 -3.041624239
1.869948246 -2.388578082
1.880079587 -4.671731329
0.808193575 -1.932596293
-0.022124801 -4.098551409
1.910995614 -4.508884355
1.963899978 -1.773086066
0.48808713 -4.43945611
2.109037122 -2.506426289
-0.158763423 -1.358368455
1.541551161 -0.317833006
2.214393183 -3.138688606
1.304899357 -1.088451585
1.795096517 -3.602140948
3.222765832 -3.233490996
2.984959337 -2.107725395
0.826038245 -2.137748523
2.789909475 -0.7150406
0.55286585 -0.688292775
1.053433367 -1.288707589
1.558874907 -8.533638657
1.940775722 -1.821679886
2.503405368 -2.325857149
1.240688726 -1.611834138
1.813206558 -4.074675623
2.481454317 -1.092903778
2.513326481 -1.26057961
2.5555332 -3.446654751
2.407245247 -4.92742251
2.41436478 -4.647120715
1.529462755 -3.622998856
-0.561840131 -2.699867598
1.116909695 -2.329396679
0.275951923 -4.337537926
2.797757841 -2.020689269
1.597104462 -6.861946685
1.290652802 -2.553641
0.745907306 -2.419484207
2.104233323 -4.496428638
0.665442088 1.359757344
2.589714123 -4.51781732
0.608133223 -5.229464463
1.409244279 -3.667324065
-0.505160374 0.870950704
0.825232928 -5.543899104
1.57389879 -1.959214031
1.44494839 -3.961324193
2.566467479 -5.581935588
1.356884661 -4.105501811
1.631543533 -3.593040743
2.494481587 -2.377621825
1.804628079 -1.251676715
0.560331227 -5.948254895
0.879190143 -3.152670025
1.621470756 -2.892503748
1.917028212 -1.393144519
1.706887226 -3.420804678
0.520158327 -3.473155767
2.110339712 -4.238846536
0.107852426 -2.110713162
1.672180588 0.527187166
1.579010793 -3.656940367
3.412918301 -5.653781107
4.063033666 -1.371918302
2.117573428 -4.995711126
1.882349513 -4.162130701
1.963005816 -5.659155584
1.950778229 -5.257339539
1.289818747 -3.330188999
2.235214621 -4.197170268
0.587055839 -3.265250179
1.230808068 -3.646600974
-0.071145408 -4.938905676
1.446885422 -1.570110848
1.956872556 -0.048980773
2.923979174 -1.113819606
1.205982095 -6.770006059
1.631298025 -5.24506905
1.108504836 -1.272455343
1.288175401 -3.114602228
1.24047952 0.86668175
1.74332342 -1.527843866
1.399009561 0.086555454
1.057887025 -1.582472573
1.383144795 -3.045878284
3.82656379 -1.026452995
1.96940498 -1.196056794
2.899023887 1.472853336
1.017621943 -1.329509142
1.357527232 0.679787839
1.98674962 -2.582537333
1.132617836 -1.309558063
1.851808065 -6.432653396
0.4252332 -4.985566487
1.56202891 -3.440552296
1.420240437 -2.885137424
1.99284324 -2.783045709
2.285122428 -2.943978943
1.44049964 -6.493115383
0.819722153 -2.605594768
1.443541426 -1.756311791
2.467184537 -0.723694711
2.123069767 -4.27929808
2.424504579 -0.144962824
2.037079186 -0.439869131
1.260675761 -1.684217226